0.84654195
0.765969988
0.753843525
0.894409064
0.97238015
0.805609833
0.763606673
0.702919965
0.85809225
0.813556775
0.870467614
0.735671443
0.810362922
0.75222169
0.877587001
0.758906259
0.789047325
0.772123246
0.859325397
0.822571972
0.729466243
0.753609771
0.726767562
0.827593786
0.816301601
0.688442933
0.670802912
0.792102503
0.840038437
0.805698446
0.694397048
0.693876736
0.851079188
0.78528025
0.769626252
0.880267801
0.742965985
0.80353031
0.821881148
0.848011791
0.739203783
0.817950057
0.973350199
0.696399989
0.822932202
0.779795456
0.740975859
0.740657653
0.827086378
0.94522
0.163191878
0.071711748
0.080557177
0.046315067
0
0.134983011
0.220396851
0.133006373
0.129625784
0.076803369
0.247729889
0.12862105
0.228928359
0.168355373
0.127734649
0.215158682
0.208678528
0.137587652
0.229053905
0.260596312
0.140566074
0.12821373
0.171127708
0.167690958
0.197310322
0.128219604
0.191305412
0.212978461
0.156369208
0.15479315
0.063312118
0.068610319
0.049851611
0.063964387
0.134750498
0.039877502
0.290801613
0.192876076
0.010454586
0.0697964
0.137863995
0.033510762
0.114941932
0.215734208
0.13417983
0.140460427
0.079737112
0.108718063
0.056993042
0.168500377
0.757033315
0.758244886
0.693610662
0.866230294
0.806105004
0.859952469
0.892928071
0.720819111
0.83651762
0.793898735
0.85414553
0.866716816
0.848050253
0.741591607
0.786507762
0.811894592
1
0.874445571
0.945545548
0.821666125
0.80849489
0.834577578
0.760427907
0.875419379
0.784483626
0.705457951
0.851323573
0.692789398
0.674870447
0.813471692
0.732928517
0.735539743
0.784202968
0.762954397
0.780249457
0.812409544
0.71878546
0.715165308
0.658283382
0.76936623
0.837899521
0.749088035
0.827309165
0.829842869
0.859116679
0.859027457
0.749960381
0.739042333
0.797872863
0.751519341
0.083461887
0.101208529
0.182308742
0.009276664
0.160165606
0.09424095
0.21629064
0.089227448
0.145321538
0.083896892
0.100535967
0.127923969
0.129961013
0.110722897
0.218159523
0.180583789
0.265395958
0.126808786
0.214150451
0.008401332
0.186325279
0.168971822
0.120512545
0.190020893
0.201867254
0.212004156
0.172112508
0.183893716
0.101026078
0.07365498
0.127438022
0.156954234
0.206632039
0.093454743
0.113019311
0.338140723
0.104368694
0.269630407
0.207295211
0.108578874
0.137905375
0.130847091
0.175602353
0.233583053
0.038389893
0.27635203
0.195378711
0.109157363
0.136640921
0.164300029
0.624018576
0.438979173
0.531281657
0.522951316
0.57304603
0.503964584
0.309566582
0.414373599
0.503036752
0.486531919
0.597318181
0.561175262
0.502068295
0.475162327
0.369143977
0.590865492
0.478489547
0.369304846
0.497938109
0.476470159
0.43271253
0.501823181
0.423798071
0.382171359
0.355767546
0.44613533
0.429024497
0.498384449
0.372122896
0.456246016
0.37196144
0.587393817
0.462177169
0.54947022
0.501945426
0.528828553
0.394766779
0.551507424
0.564178927
0.3348077
0.458309274
0.427400521
0.479952283
0.414523215
0.487914316
0.508584169
0.485683269
0.462087876
0.385980874
0.473520236