0.711795423
0.711663641
0.828803923
0.835523762
0.670395856
0.767471891
0.791581511
0.739610507
0.822260405
0.791731444
0.767186356
0.742803148
0.817200143
0.827583165
0.804681771
0.761946141
0.831903684
0.721741131
0.785102593
0.860556688
0.764964558
0.72554078
0.893525235
0.761515834
0.803013059
0.727965039
0.793731144
0.804543812
0.776672314
0.796050327
0.84899587
0.691773621
0.788786373
0.65639127
0.778109553
0.892746409
0.833118172
0.775980067
0.75601212
0.80823511
0.840095008
0.777285786
0.873716421
0.727227145
0.655995708
0.731305117
0.764385665
0.753931751
0.725327715
0.856990549
0.157924847
0.069408226
0.23479354
0.117800557
0.248668282
0.138186177
0.263602871
0.125138714
0.106659168
0.231386886
0.091564802
0.214731445
0.200100615
0.165079198
0.153130092
0.297734591
0.151141083
0.162250463
0.117137827
0.124687649
0.138539949
0.276744006
0.150183733
0.132124585
0.146700168
0.216767997
0.094416722
0.211509325
0.09347873
0.165827694
0.063609646
0.206012872
0.215471526
0.132276197
0.192853472
0.183527941
0.243571725
0.181451438
0.236360146
0.166676093
0.134641901
0.171424634
0.161700717
0.226850505
0.170329988
0.123013604
0.164381514
0.245348362
0.148707914
0.134019941
0.669198998
0.72079131
0.655985585
0.754875555
0.756123068
0.79149016
0.793643904
0.735043132
0.727380255
0.824214471
0.753378175
0.693757153
0.777018606
0.788700098
0.751625556
0.816389143
0.790004914
0.763569685
0.773743501
0.804011264
0.749793887
0.712817474
0.767020583
0.784180924
0.807099807
0.774581897
0.748832753
0.812337569
0.769555219
0.825035438
0.770985128
0.776018177
0.7708611
0.720875864
0.720531535
0.71846619
0.883966177
0.764332329
0.83307447
0.797440476
0.888453185
0.832270509
0.702450283
0.756675223
0.830135467
0.793765868
0.912917028
0.773511121
0.682869076
0.80316157
0.200082179
0.123228333
0.094912649
0.221575386
0.161824932
0.212837081
0.123602101
0.227711389
0.06441783
0.268135156
0.224730914
0.180352551
0.103736003
0.149754871
0.189039603
0.246505199
0.111423831
0.251770082
0.340543961
0.143859934
0.201965433
0.134099488
0.070235486
0.262339488
0.21554822
0.142934825
0.180547372
0.159863597
0.085617444
0
0.170852904
0.14584163
0.138960191
0.122728566
0.064191878
0.142269846
0.183443176
0.109720089
0.200864222
0.157272604
0.167599211
0.087583814
0.127643989
0.19843202
0.12610574
0.183455305
0.292918748
0.22164311
0.236234101
0.315966937
0.491644981
0.496347721
0.402710868
0.48506785
0.52183355
0.391798687
0.543055083
0.62364357
0.381162416
0.350502052
0.470680143
0.520805955
0.470133781
0.465504619
0.475447172
0.41089337
0.375979465
0.570372975
0.492690923
0.403480314
0.539900499
0.396865075
0.467716653
0.519700639
0.424386866
0.453993511
0.476841416
0.592721911
0.502720146
0.450989667
0.461471981
0.45816335
0.553809705
0.45791672
0.427340446
0.489557254
0.469351387
0.522862507
0.532879402
0.54057346
0.514059349
0.513178313
0.589762906
0.405142698
0.454123783
0.372896763
0.530465445
0.476353197
0.457014792
0.371332727
0.457444035
0.452712343
0.484456909
0.471827741
0.449910129
0.481183622
0.576934088
0.501153249
0.443470809
0.433131483
0.463537157
0.399069797
0.563083585
0.48490424
0.418962772
0.480870712
0.405456747
0.503133183
0.466306244
0.477081035
0.492501645
0.516217137
0.436012635
0.404322145
0.470046221
0.435379027
0.495545896
0.385632504
0.516451482
0.489828223
0.421461935
0.459759881
0.515452839
0.592046832
0.458127875
0.541686415
0.433559305
0.485030707
0.46505113
0.491460935
0.451039221
0.406523435
0.462000253
0.496253769
0.450651978
0.466167252
0.494437806
0.501054271
0.439685572
0.462116072
0.246319796
0.193281226
0.188415935
0.253198153
0.100155027
0.201661543
0.134760913
0.154747525
0.198228017
0.228760142
0.145429878
0.212437247
0.256084134
0.144539846
0.137932483
0.185203289
0.215993683
0.185839657
0.146408428
0.191319176
0.195751126
0.164332961
0.131743301
0.206758025
0.186591296
0.168266131
0.15533245
0.161644356
0.143955918
0.135619598
0.246779766
0.174125556
0.10240265
0.162226987
0.23689348
0.159820443
0.271461168
0.148183112
0.149463061
0.135955162
0.241881493
0.157797736
0.205887481
0.106303527
0.158156
0.217552045
0.1240332
0.188184089
0.212208454
0.27151464
0.544342209
0.366520491
0.492243561
0.434061409
0.460612784
0.444475443
0.553379227
0.534893364
0.501828228
0.508970612
0.497145752
0.508033626
0.487171397
0.466449035
0.499535392
0.460113854
0.456041105
0.462050184
0.470806377
0.475442675
0.597125301
0.416077254
0.423381417
0.486919189
0.472615329
0.439851556
0.490821131
0.511360774
0.419429213
0.45539036
0.41295953
0.479085219
0.482953079
0.507965678
0.422676662
0.48939905
0.468145982
0.542168168
0.489845277
0.449155373
0.464017648
0.449201843
0.544437518
0.45041303
0.397582464
0.465352675
0.530189215
0.507035923
0.482966824
0.561138329
0.876825784
0.857230118
0.911290387
0.960040557
0.862060122
0.849176305
0.910842875
0.836317397
0.789266874
0.855638828
0.872598436
0.867802477
0.806864962
0.831991775
0.828011796
0.906820769
0.854466602
0.892083935
0.88963033
0.851491754
0.765269492
0.878272068
0.894713826
0.824486877
0.859957439
0.839478406
0.942802449
0.859299224
0.870604942
0.810253259
0.825317452
0.795366857
0.895901642
0.890048439
0.820837582
1
0.905088944
0.880338105
0.953161333
0.742372881
0.856382515
0.859583169
0.870412966
0.810711085
0.886296371
0.753875402
0.865952158
0.881934994
0.858796625
0.878338166