0.823362361
0.808642296
0.932989094
0.66003396
0.790873722
0.974933455
0.789926005
0.784259781
0.741789827
0.870538622
0.685463644
0.769017991
0.856131477
0.819891758
0.859762321
0.828045037
0.863392753
0.737904028
0.833887839
0.720106632
0.869922207
0.80018324
0.861764224
0.785717302
0.840936544
0.887186536
0.693767219
0.700927661
0.703161173
0.874086085
0.845816629
0.775198382
0.915556037
0.828768918
0.71881531
0.755007716
0.731667613
0.880862922
0.781659081
0.745269378
0.783189849
0.766656784
0.874365169
0.850416193
0.83925829
0.84649173
0.822723628
0.759489229
0.854514211
0.767632386
0.716934789
0.788627721
0.758185537
0.789756808
0.777512206
0.850482722
0.753610668
0.767662298
0.82643131
0.889093496
0.701747616
0.934727719
0.763982641
0.861280213
0.886899194
0.904338105
0.78699932
0.82153396
0.809631985
0.781369583
0.837306717
0.842849207
0.797521757
0.828422412
0.99043904
0.819501373
0.865269402
0.790494366
0.786328681
0.797937956
0.85597736
0.768881298
0.701848378
0.823376559
0.792159922
0.837835741
0.825377833
0.866469032
0.877411629
0.735467144
0.72278361
0.852016591
0.83951786
0.760107195
0.898874824
0.822088439
0.827861899
0.837448867
0.868065897
0.917178707
0.245164424
0.1888835
0.159305244
0.135325433
0.088081748
0.192207979
0.162218123
0.202762463
0.089566983
0.266703795
0.213491585
0.08254881
0.249822965
0.14496844
0.201697962
0.196421614
0.126439634
0
0.216574245
0.160622973
0.144312967
0.20913765
0.138458827
0.225221757
0.192050229
0.119227764
0.235782133
0.212682212
0.262262042
0.125520182
0.125351129
0.202405922
0.22495667
0.235226607
0.182844702
0.167390298
0.224050574
0.307679267
0.238826723
0.187819389
0.145801324
0.214291504
0.151565423
0.197631899
0.232047229
0.241357096
0.219926671
0.270280458
0.300454021
0.061443315
0.124296319
0.185581427
0.251160952
0.202077762
0.201533277
0.169855958
0.173094479
0.175858376
0.003979473
0.207503119
0.245563309
0.099698589
0.085395991
0.222022528
0.086316988
0.075358737
0.232731198
0.140715664
0.261798996
0.100040859
0.14326141
0.197839077
0.217453678
0.212243916
0.194636119
0.167778393
0.145501496
0.213062973
0.157767029
0.20930997
0.251776828
0.039022634
0.297475063
0.142132435
0.266361027
0.281352081
0.088778869
0.193710477
0.403422505
0.168746087
0.213432842
0.203525415
0.263265311
0.251955875
0.122088359
0.15447301
0.204311874
0.178706169
0.344048038
0.210395718
0.576144516
0.526564828
0.625609378
0.443529993
0.457715836
0.629883723
0.530173559
0.498522357
0.530417368
0.484366109
0.482591094
0.476546253
0.465886682
0.441038969
0.497391081
0.464567465
0.593132794
0.516222828
0.566325001
0.492291773
0.496007402
0.581426757
0.594833706
0.503306883
0.609111355
0.531536993
0.524702519
0.64095862
0.599114951
0.559049468
0.526852948
0.466881963
0.493861116
0.617369077
0.37232475
0.46059597
0.4891695
0.510660061
0.387474731
0.534937641
0.547731076
0.441268043
0.484675781
0.423836683
0.604780548
0.525020161
0.485211018
0.44220391
0.507496855
0.608588669
0.153392549
0.244550597
0.196728712
0.264092546
0.139770997
0.207435337
0.141821013
0.226738057
0.261743169
0.247383252
0.08728713
0.229951902
0.195624992
0.212230167
0.167260364
0.110973441
0.240717099
0.169318756
0.178360007
0.203767553
0.324565492
0.312165659
0.127923373
0.17099786
0.245541533
0.08944747
0.258631493
0.1791022
0.266550826
0.150303026
0.148130698
0.313225337
0.225171998
0.179381293
0.142495144
0.25145644
0.212629816
0.079707338
0.149109299
0.3466651
0.19458065
0.093195643
0.149888161
0.173763944
0.230607281
0.18687969
0.20036163
0.194269923
0.146199947
0.254998941
0.667982586
0.658487369
0.796396963
0.663379894
0.695190893
0.659822842
0.751676139
0.704598441
0.708937875
0.753138315
0.739664046
0.745311815
0.596445024
0.716441384
0.754508762
0.723075235
0.751220501
0.813413803
0.768907341
0.647936689
0.662886094
0.699012779
0.672449099
0.701197232
0.767863083
0.678122066
0.69063144
0.693615149
0.73962762
0.758107345
0.697600787
0.689051502
0.752841387
0.742114638
0.730123558
0.87181428
0.706840897
0.722630519
0.70096358
0.736664163
0.678446793
0.756621423
0.798516145
0.709574082
0.701739165
0.67648485
0.681069697
0.618336395
0.702484067
0.660271663
0.941939536
0.957527284
0.891172781
0.879719139
0.912121701
0.863677998
0.966472141
0.94881194
0.958332756
0.973546756
0.903737007
0.879803787
0.936050853
0.967996243
0.953022351
0.957469793
0.986060482
0.92430483
0.970655468
0.90863713
0.94950925
0.837652556
0.987895395
0.818713397
0.91973069
0.891583115
0.850128181
0.926369913
0.92618715
0.981219097
0.916221919
0.93870285
0.921639856
0.984098891
0.96690446
0.909784675
0.915582874
1
0.897027197
0.953002644
0.864441426
0.870378776
0.953246966
0.942307683
0.963208599
0.876945819
0.96116318
0.918010271
0.906819934
0.995395041
0.471230899
0.514418697
0.456739447
0.461019575
0.48364391
0.534237998
0.605976072
0.541956209
0.446577144
0.490742909
0.47292773
0.486265361
0.56140366
0.520455506
0.551781305
0.531985381
0.460766105
0.548682471
0.432331081
0.541999447
0.531790827
0.557333357
0.428793754
0.490820404
0.50212037
0.506325083
0.545904702
0.53694516
0.534462349
0.510312547
0.586690503
0.48462535
0.506365703
0.471792928
0.498068526
0.538214839
0.438606985
0.510945012
0.463727811
0.541417745
0.400963733
0.401466535
0.584052719
0.493585656
0.400816541
0.415206422
0.496773344
0.516884745
0.518423011
0.555627919