0.700401969
0.849462779
0.88316798
0.785612619
0.836498904
0.858921725
0.800665696
0.839291305
0.866655341
0.779936129
0.893844999
0.910515842
0.860810953
0.841139499
0.765324449
0.871972348
0.762023691
0.942410561
0.874005534
0.857188471
0.814871032
0.700293384
0.763321626
0.86364839
0.995219595
0.887744999
0.86007605
0.805333825
0.848027502
0.902015344
0.82384482
0.961754237
0.761740565
0.815986834
0.843537875
0.714585853
0.876508622
0.845168143
0.845354963
0.891245265
0.907247665
0.891725813
0.810036111
0.83717361
0.862885143
0.759391671
0.773580841
0.812726626
0.845160059
0.955274012
0.789147776
0.874936476
0.804236441
0.96720511
0.875174332
0.831304771
0.880008533
0.839809359
0.91132957
0.828240012
0.768092928
0.856007862
0.940498434
0.763259458
0.82459227
0.904750023
0.716758738
0.880366535
0.888562096
0.853889098
0.790664046
0.839709618
0.846157415
0.900278205
0.88281349
0.817658182
0.944280185
0.836901052
0.787934884
0.811990251
0.895352357
0.852715001
0.89729671
0.844617166
1
0.733114731
0.813435845
0.834754929
0.845904533
0.933756991
0.854272788
0.832784836
0.84457736
0.888467902
0.795857637
0.869142655
0.739581634
0.835103838
0.779637757
0.798207762
0.168388734
0.247800946
0.276971911
0.266685993
0.195213519
0.165060771
0.118783231
0.205069572
0.259119647
0.175540688
0.186313376
0.237063392
0.252978236
0.106385561
0.210304031
0.210038904
0.1877393
0.254833421
0.174045748
0.144352395
0.215192482
0.22700469
0.183473323
0.248620857
0.099887169
0.128366242
0
0.230964452
0.1337582
0.181184031
0.26231984
0.200731434
0.169145519
0.142920379
0.182003808
0.236204012
0.10000086
0.193059948
0.247738403
0.106140574
0.240473936
0.24136548
0.140756561
0.100755722
0.225291346
0.249400648
0.234662045
0.246482296
0.121475691
0.234977599
0.290822769
0.286137617
0.203567375
0.170000699
0.230283214
0.155273097
0.189417791
0.163358902
0.204239011
0.269973625
0.245173016
0.270953943
0.138662722
0.209008941
0.134251536
0.222186335
0.218385898
0.28076867
0.268101979
0.23943646
0.164990969
0.166859958
0.065595807
0.16863959
0.097755027
0.257214142
0.255421879
0.206340758
0.173131963
0.206647771
0.300611112
0.284162573
0.168630748
0.208276866
0.125436767
0.223208402
0.244953503
0.255300067
0.099039061
0.229885564
0.141908408
0.173251046
0.248099451
0.216618946
0.186928872
0.236448444
0.302504552
0.157379912
0.1106798
0.122753798
0.537845869
0.595986655
0.588877575
0.495756085
0.510459844
0.56596893
0.526544387
0.59184425
0.474670529
0.549126275
0.537342706
0.608267141
0.432333011
0.518858529
0.522248686
0.368292648
0.599027485
0.699364139
0.503887615
0.537258489
0.488949648
0.543511186
0.494398394
0.512269049
0.622811552
0.464357726
0.481797596
0.513931439
0.51029634
0.611317136
0.64936288
0.455939972
0.477610916
0.552262263
0.494342319
0.646894148
0.623950386
0.554739495
0.555036346
0.497061222
0.567891282
0.591272944
0.527909489
0.642734633
0.561913421
0.511733474
0.542652807
0.589290318
0.493219938
0.513317683